04081d60
14081d6c
14081d6d
14081d6b
14081d6e
14081d6a
14081d6f
14081d69
14081d70
14081d68
14081d71
14081d67
14081d72
14081d66
14081d73
14081d65
14081d74
14081d64
14081d75
14081d63
14081d76
14081d62
14081d77
14081d61
24081d78
04181d60
14181d6c
14181d6d
14181d6b
14181d6e
14181d6a
14181d6f
14181d69
14181d70
14181d68
14181d71
14181d67
14181d72
14181d66
14181d73
14181d65
14181d74
14181d64
14181d75
14181d63
14181d76
14181d62
14181d77
14181d61
24181d78
04281d60
14281d6c
14281d6d
14281d6b
14281d6e
14281d6a
14281d6f
14281d69
14281d70
14281d68
14281d71
14281d67
14281d72
14281d66
14281d73
14281d65
14281d74
14281d64
14281d75
14281d63
14281d76
14281d62
14281d77
14281d61
24281d78
04381d60
14381d6c
14381d6d
14381d6b
14381d6e
14381d6a
14381d6f
14381d69
14381d70
14381d68
14381d71
14381d67
14381d72
14381d66
14381d73
14381d65
14381d74
14381d64
14381d75
14381d63
14381d76
14381d62
14381d77
14381d61
24381d78
04481d60
14481d6c
14481d6d
14481d6b
14481d6e
14481d6a
14481d6f
14481d69
14481d70
14481d68
14481d71
14481d67
14481d72
14481d66
14481d73
14481d65
14481d74
14481d64
14481d75
14481d63
14481d76
14481d62
14481d77
14481d61
24481d78
04581d60
14581d6c
14581d6d
14581d6b
14581d6e
14581d6a
14581d6f
14581d69
14581d70
14581d68
14581d71
14581d67
14581d72
14581d66
14581d73
14581d65
14581d74
14581d64
14581d75
14581d63
14581d76
14581d62
14581d77
14581d61
24581d78
04681d60
14681d6c
14681d6d
14681d6b
14681d6e
14681d6a
14681d6f
14681d69
14681d70
14681d68
14681d71
14681d67
14681d72
14681d66
14681d73
14681d65
14681d74
14681d64
14681d75
14681d63
14681d76
14681d62
14681d77
14681d61
24681d78
04781d60
14781d6c
14781d6d
14781d6b
14781d6e
14781d6a
14781d6f
14781d69
14781d70
14781d68
14781d71
14781d67
14781d72
14781d66
14781d73
14781d65
14781d74
14781d64
14781d75
14781d63
14781d76
14781d62
14781d77
14781d61
24781d78
ffffffff
00000000
00000000
00000000
00000000
00000000
00000000
00000000
00000000
00000000
00000000
00000000
00000000
00000000
00000000
00000000
00000000
00000000
00000000
00000000
00000000
00000000
00000000
00000000
00000000
00000000
00000000
00000000
00000000
00000000
00000000
00000000
00000000
00000000
00000000
00000000
00000000
00000000
00000000
00000000
00000000
00000000
00000000
00000000
00000000
00000000
00000000
00000000
00000000
00000000
00000000
00000000
00000000
00000000
00000000
00000000
00000000
00000000
00000000
00000000
00000000
00000000
00000000
00000000
00000000
00000000
00000000
00000000
00000000
00000000
00000000
00000000
00000000
00000000
00000000
00000000
00000000
00000000
00000000
00000000
00000000
00000000
00000000
00000000
00000000
00000000
00000000
00000000
00000000
00000000
00000000
00000000
00000000
00000000
00000000
00000000
00000000
00000000
00000000
00000000
00000000
00000000
00000000
00000000
00000000
00000000
00000000
00000000
00000000
00000000
00000000
00000000
00000000
00000000
00000000
00000000
00000000
00000000
00000000
00000000
00000000
00000000
00000000
00000000
00000000
00000000
00000000
00000000
00000000
00000000
00000000
00000000
00000000
00000000
00000000
00000000
00000000
00000000
00000000
00000000
00000000
00000000
00000000
00000000
00000000
00000000
00000000
00000000
00000000
00000000
00000000
00000000
00000000
00000000
00000000
00000000
00000000
00000000
00000000
00000000
00000000
00000000
00000000
00000000
00000000
00000000
00000000
00000000
00000000
00000000
00000000
00000000
00000000
00000000
00000000
00000000
00000000
00000000
00000000
00000000
00000000
00000000
00000000
00000000
00000000
00000000
00000000
00000000
00000000
00000000
00000000
00000000
00000000
00000000
00000000
00000000
00000000
00000000
00000000
00000000
00000000
00000000
00000000
00000000
00000000
00000000
00000000
00000000
00000000
00000000
00000000
00000000
00000000
00000000
00000000
00000000
00000000
00000000
00000000
00000000
00000000
00000000
00000000
00000000
00000000
00000000
00000000
00000000
00000000
00000000
00000000
00000000
00000000
00000000
00000000
00000000
00000000
00000000
00000000
00000000
00000000
00000000
00000000
00000000
00000000
00000000
00000000
00000000
00000000
00000000
00000000
00000000
00000000
00000000
00000000
00000000
00000000
00000000
00000000
00000000
00000000
00000000
00000000
00000000
00000000
00000000
00000000
00000000
00000000
00000000
00000000
00000000
00000000
00000000
00000000
00000000
00000000
00000000
00000000
00000000
00000000
00000000
00000000
00000000
00000000
00000000
00000000
00000000
00000000
00000000
00000000
00000000
00000000
00000000
00000000
00000000
00000000
00000000
00000000
00000000
00000000
00000000
00000000
00000000
00000000
00000000
00000000
00000000
00000000
00000000
00000000
00000000
