03080200
1308020c
1308020d
1308020b
1308020e
1308020a
1308020f
13080209
13080210
13080208
13080211
13080207
13080212
13080206
13080213
13080205
13080214
13080204
13080215
13080203
13080216
13080202
13080217
13080201
23080218
03180200
1318020c
1318020d
1318020b
1318020e
1318020a
1318020f
13180209
13180210
13180208
13180211
13180207
13180212
13180206
13180213
13180205
13180214
13180204
13180215
13180203
13180216
13180202
13180217
13180201
23180218
03280200
1328020c
1328020d
1328020b
1328020e
1328020a
1328020f
13280209
13280210
13280208
13280211
13280207
13280212
13280206
13280213
13280205
13280214
13280204
13280215
13280203
13280216
13280202
13280217
13280201
23280218
03380200
1338020c
1338020d
1338020b
1338020e
1338020a
1338020f
13380209
13380210
13380208
13380211
13380207
13380212
13380206
13380213
13380205
13380214
13380204
13380215
13380203
13380216
13380202
13380217
13380201
23380218
03480200
1348020c
1348020d
1348020b
1348020e
1348020a
1348020f
13480209
13480210
13480208
13480211
13480207
13480212
13480206
13480213
13480205
13480214
13480204
13480215
13480203
13480216
13480202
13480217
13480201
23480218
03580200
1358020c
1358020d
1358020b
1358020e
1358020a
1358020f
13580209
13580210
13580208
13580211
13580207
13580212
13580206
13580213
13580205
13580214
13580204
13580215
13580203
13580216
13580202
13580217
13580201
23580218
03680200
1368020c
1368020d
1368020b
1368020e
1368020a
1368020f
13680209
13680210
13680208
13680211
13680207
13680212
13680206
13680213
13680205
13680214
13680204
13680215
13680203
13680216
13680202
13680217
13680201
23680218
03780200
1378020c
1378020d
1378020b
1378020e
1378020a
1378020f
13780209
13780210
13780208
13780211
13780207
13780212
13780206
13780213
13780205
13780214
13780204
13780215
13780203
13780216
13780202
13780217
13780201
23780218
ffffffff
00000000
00000000
00000000
00000000
00000000
00000000
00000000
00000000
00000000
00000000
00000000
00000000
00000000
00000000
00000000
00000000
00000000
00000000
00000000
00000000
00000000
00000000
00000000
00000000
00000000
00000000
00000000
00000000
00000000
00000000
00000000
00000000
00000000
00000000
00000000
00000000
00000000
00000000
00000000
00000000
00000000
00000000
00000000
00000000
00000000
00000000
00000000
00000000
00000000
00000000
00000000
00000000
00000000
00000000
00000000
00000000
00000000
00000000
00000000
00000000
00000000
00000000
00000000
00000000
00000000
00000000
00000000
00000000
00000000
00000000
00000000
00000000
00000000
00000000
00000000
00000000
00000000
00000000
00000000
00000000
00000000
00000000
00000000
00000000
00000000
00000000
00000000
00000000
00000000
00000000
00000000
00000000
00000000
00000000
00000000
00000000
00000000
00000000
00000000
00000000
00000000
00000000
00000000
00000000
00000000
00000000
00000000
00000000
00000000
00000000
00000000
00000000
00000000
00000000
00000000
00000000
00000000
00000000
00000000
00000000
00000000
00000000
00000000
00000000
00000000
00000000
00000000
00000000
00000000
00000000
00000000
00000000
00000000
00000000
00000000
00000000
00000000
00000000
00000000
00000000
00000000
00000000
00000000
00000000
00000000
00000000
00000000
00000000
00000000
00000000
00000000
00000000
00000000
00000000
00000000
00000000
00000000
00000000
00000000
00000000
00000000
00000000
00000000
00000000
00000000
00000000
00000000
00000000
00000000
00000000
00000000
00000000
00000000
00000000
00000000
00000000
00000000
00000000
00000000
00000000
00000000
00000000
00000000
00000000
00000000
00000000
00000000
00000000
00000000
00000000
00000000
00000000
00000000
00000000
00000000
00000000
00000000
00000000
00000000
00000000
00000000
00000000
00000000
00000000
00000000
00000000
00000000
00000000
00000000
00000000
00000000
00000000
00000000
00000000
00000000
00000000
00000000
00000000
00000000
00000000
00000000
00000000
00000000
00000000
00000000
00000000
00000000
00000000
00000000
00000000
00000000
00000000
00000000
00000000
00000000
00000000
00000000
00000000
00000000
00000000
00000000
00000000
00000000
00000000
00000000
00000000
00000000
00000000
00000000
00000000
00000000
00000000
00000000
00000000
00000000
00000000
00000000
00000000
00000000
00000000
00000000
00000000
00000000
00000000
00000000
00000000
00000000
00000000
00000000
00000000
00000000
00000000
00000000
00000000
00000000
00000000
00000000
00000000
00000000
00000000
00000000
00000000
00000000
00000000
00000000
00000000
00000000
00000000
00000000
00000000
00000000
00000000
00000000
00000000
00000000
00000000
00000000
00000000
00000000
00000000
00000000
00000000
00000000
00000000
00000000
00000000
00000000
00000000
00000000
00000000
00000000
